233	9	41	9	0.23	1282383669	292.88	0.95	-0.37	-0.52
233	9	41	9	0.7	1282383670	292.81	2.6	0.32	-0.5
233	9	41	10	0.17	1282383670	292.9	3.41	0.64	-0.32
233	9	41	10	0.62	1282383671	293.09	2.19	0.49	-0.09
233	9	41	11	0.07	1282383671	293.37	-0.42	0.15	0.09
233	9	41	11	0.54	1282383672	293.65	-3.05	-0.31	0.19
233	9	41	12	0.01	1282383672	293.86	-4.42	-0.87	0.23
233	9	41	12	0.46	1282383672	293.88	-3.96	-1.19	0.21
233	9	41	12	0.93	1282383673	293.75	-2.05	-0.92	0.16
233	9	41	13	0.39	1282383673	293.73	0.5	-0.26	0.14
233	9	41	13	0.85	1282383674	293.84	2.82	0.33	0.12
233	9	41	14	0.31	1282383674	294.07	4.23	0.28	0.09
233	9	41	14	0.78	1282383675	294.35	3.96	-0.21	0
233	9	41	15	0.23	1282383675	294.64	2.19	-0.54	-0.09
233	9	41	15	0.68	1282383676	294.88	-0.48	-0.42	-0.08
233	9	41	16	0.15	1282383676	294.93	-2.89	-0.03	0.03
233	9	41	16	0.62	1282383677	294.75	-4	0.23	0.18
233	9	41	17	0.07	1282383677	294.56	-3.45	0.11	0.25
233	9	41	17	0.54	1282383678	294.5	-1.84	-0.31	0.19
233	9	41	18	0.01	1282383678	294.61	0.27	-0.62	0.06
233	9	41	18	0.46	1282383678	294.76	2.58	-0.47	-0.07
233	9	41	18	0.93	1282383679	294.92	4.14	0.05	-0.13
233	9	41	19	0.39	1282383679	295.04	4.61	0.58	-0.13
233	9	41	19	0.85	1282383680	295.06	3.48	0.82	-0.09
233	9	41	20	0.31	1282383680	294.92	1.16	0.69	-0.09
233	9	41	20	0.78	1282383681	294.81	-1.43	0.11	-0.11
233	9	41	21	0.23	1282383681	294.84	-2.84	-0.62	-0.14
233	9	41	21	0.7	1282383682	294.9	-3.08	-1.03	-0.17
233	9	41	22	0.17	1282383682	294.82	-1.94	-0.78	-0.16
233	9	41	22	0.64	1282383683	294.7	-0.21	-0.27	-0.07
233	9	41	23	0.1	1282383683	294.67	1.02	0.21	0.06
233	9	41	23	0.56	1282383684	294.8	0.94	0.43	0.18
233	9	41	24	0.03	1282383684	295.03	0.1	0.18	0.21
233	9	41	24	0.5	1282383685	295.02	-0.43	-0.29	0.15
233	9	41	24	0.95	1282383685	294.78	-0.3	-0.58	0.08
233	9	41	25	0.42	1282383685	294.54	0.11	-0.48	0.07
233	9	41	25	0.87	1282383686	294.49	0.39	-0.15	0.12
233	9	41	26	0.34	1282383686	294.48	0.68	0.07	0.14
233	9	41	26	0.79	1282383687	294.45	0.86	0.07	0.1
233	9	41	27	0.26	1282383687	294.26	0.78	-0.1	0
233	9	41	27	0.71	1282383688	293.85	0.88	-0.27	-0.07
233	9	41	28	0.18	1282383688	293.46	1.42	-0.43	-0.14
233	9	41	28	0.64	1282383689	293.29	1.99	-0.44	-0.21
233	9	41	29	0.1	1282383689	293.23	2.15	-0.23	-0.29
233	9	41	29	0.56	1282383690	293.28	1.72	0	-0.3
233	9	41	30	0.03	1282383690	293.4	0.7	0.07	-0.23
233	9	41	30	0.48	1282383690	293.45	-0.73	0.05	-0.11
233	9	41	30	0.93	1282383691	293.43	-2.11	-0.06	0
233	9	41	31	0.4	1282383691	293.54	-3.05	-0.33	0.06
233	9	41	31	0.85	1282383692	293.66	-3.19	-0.62	0.09
233	9	41	32	0.31	1282383692	293.56	-1.84	-0.7	0.1
233	9	41	32	0.78	1282383693	293.42	0.3	-0.6	0.13
233	9	41	33	0.23	1282383693	293.32	2.43	-0.4	0.18
233	9	41	33	0.68	1282383694	293.1	3.88	-0.07	0.2
233	9	41	34	0.14	1282383694	293.02	4.43	0.05	0.18
233	9	41	34	0.57	1282383695	293.19	3.71	-0.23	0.11
233	9	41	35	0.03	1282383695	293.41	1.55	-0.66	0.04
233	9	41	35	0.5	1282383696	293.63	-1.56	-0.83	0
233	9	41	35	0.95	1282383696	293.81	-4.58	-0.65	0.03
233	9	41	36	0.4	1282383696	293.82	-6.21	-0.23	0.07
233	9	41	36	0.85	1282383697	293.49	-5.3	0.25	0.08
233	9	41	37	0.31	1282383697	292.84	-1.68	0.7	0.03
233	9	41	37	0.76	1282383698	292.25	3.27	0.99	-0.06
233	9	41	38	0.2	1282383698	292.1	7.1	0.78	-0.15
233	9	41	38	0.65	1282383699	292.27	7.9	0.21	-0.17
233	9	41	39	0.09	1282383699	292.68	5.48	-0.45	-0.15
233	9	41	39	0.54	1282383700	293.19	1.25	-0.7	-0.17
233	9	41	40	0	1282383700	293.53	-2.89	-0.4	-0.21
233	9	41	40	0.43	1282383700	293.45	-5.37	0.05	-0.21
233	9	41	40	0.89	1282383701	293.11	-5.56	0.22	-0.13
233	9	41	41	0.34	1282383701	292.9	-3.92	0.06	-0.01
233	9	41	41	0.78	1282383702	292.86	-1.55	-0.36	0.09
233	9	41	42	0.23	1282383702	292.84	0.66	-0.72	0.15
233	9	41	42	0.68	1282383703	292.9	2.04	-0.78	0.15
233	9	41	43	0.12	1282383703	293.16	2.17	-0.54	0.17
233	9	41	43	0.57	1282383704	293.42	1.21	-0.19	0.21
233	9	41	44	0.03	1282383704	293.31	0.17	-0.01	0.27
233	9	41	44	0.46	1282383704	292.94	-0.26	-0.01	0.28
233	9	41	44	0.92	1282383705	292.47	-0.15	0.01	0.25
233	9	41	45	0.37	1282383705	291.94	0.51	0.07	0.15
233	9	41	45	0.82	1282383706	291.53	1.8	0.03	0.02
233	9	41	46	0.26	1282383706	291.35	3.27	-0.23	-0.09
233	9	41	46	0.71	1282383707	291.38	4.04	-0.58	-0.2
233	9	41	47	0.15	1282383707	291.54	3.63	-0.81	-0.3
233	9	41	47	0.6	1282383708	291.83	1.89	-0.86	-0.38
233	9	41	48	0.04	1282383708	292.14	-0.78	-0.56	-0.43
233	9	41	48	0.5	1282383709	292.45	-3.45	-0.07	-0.39
233	9	41	48	0.93	1282383709	292.79	-5.13	0.25	-0.24
233	9	41	49	0.37	1282383709	292.92	-5.06	0.26	-0.06
233	9	41	49	0.81	1282383710	292.69	-3.02	0.09	0.06
233	9	41	50	0.25	1282383710	292.33	-0.07	-0.1	0.09
233	9	41	50	0.68	1282383711	292.02	3.24	-0.3	0
233	9	41	51	0.12	1282383711	291.78	5.32	-0.43	-0.1
233	9	41	51	0.56	1282383712	291.71	5.43	-0.47	-0.16
233	9	41	52	0	1282383712	291.71	3.86	-0.23	-0.14
233	9	41	52	0.43	1282383712	291.8	0.83	0.3	-0.02
233	9	41	52	0.87	1282383713	291.86	-2.52	0.8	0.16
233	9	41	53	0.31	1282383713	291.87	-4.94	0.77	0.36
233	9	41	53	0.76	1282383714	291.76	-5.56	0.27	0.5
233	9	41	54	0.2	1282383714	291.57	-4.26	-0.34	0.52
233	9	41	54	0.64	1282383715	291.48	-1.46	-0.66	0.46
233	9	41	55	0.07	1282383715	291.5	1.78	-0.62	0.35
233	9	41	55	0.51	1282383716	291.54	4.28	-0.42	0.24
233	9	41	55	0.95	1282383716	291.73	5.69	-0.11	0.15
233	9	41	56	0.37	1282383716	292.1	4.68	0.11	0.05
233	9	41	56	0.81	1282383717	292.55	1.66	0.29	-0.01
233	9	41	57	0.26	1282383717	292.9	-1.44	0.37	-0.07
233	9	41	57	0.7	1282383718	292.9	-3.74	0.45	-0.12
233	9	41	58	0.14	1282383718	292.55	-3.68	0.57	-0.18
233	9	41	58	0.57	1282383719	291.96	-1.46	0.69	-0.27
233	9	41	59	0.01	1282383719	291.4	1.29	0.62	-0.37
233	9	41	59	0.45	1282383719	291.07	3.99	0.15	-0.44
233	9	41	59	0.87	1282383720	290.97	5.37	-0.52	-0.52
233	9	42	0	0.31	1282383720	291.05	5.04	-0.86	-0.63
233	9	42	0	0.75	1282383721	291.49	2.89	-0.8	-0.66
233	9	42	1	0.18	1282383721	292.17	-1.07	-0.51	-0.57
233	9	42	1	0.6	1282383722	292.9	-4.73	-0.39	-0.35
233	9	42	2	0.04	1282383722	293.43	-7.6	-0.58	-0.08
233	9	42	2	0.48	1282383722	293.63	-8.27	-0.96	0.13
233	9	42	2	0.92	1282383723	293.62	-6.78	-1.16	0.27
233	9	42	3	0.34	1282383723	293.35	-3.99	-0.94	0.35
233	9	42	3	0.78	1282383724	292.91	0.15	-0.3	0.43
233	9	42	4	0.21	1282383724	292.47	4.31	0.49	0.54
233	9	42	4	0.65	1282383725	292.21	6.96	0.91	0.66
233	9	42	5	0.09	1282383725	292.07	7.93	0.8	0.69
233	9	42	5	0.53	1282383726	292	6.46	0.23	0.57
233	9	42	5	0.96	1282383726	291.98	3.07	-0.33	0.36
233	9	42	6	0.4	1282383726	292.04	-0.27	-0.58	0.14
233	9	42	6	0.82	1282383727	292.13	-2.96	-0.64	0.01
233	9	42	7	0.25	1282383727	292.11	-3.82	-0.66	-0.05
233	9	42	7	0.7	1282383728	291.97	-3.08	-0.69	-0.15
233	9	42	8	0.14	1282383728	291.82	-1.29	-0.5	-0.3
233	9	42	8	0.56	1282383729	291.72	0.65	0.05	-0.44
233	9	42	9	0	1282383729	291.76	1.89	0.49	-0.46
233	9	42	9	0.43	1282383729	291.91	2.26	0.46	-0.33
233	9	42	9	0.87	1282383730	292.01	1.59	-0.11	-0.16
233	9	42	10	0.31	1282383730	292.04	0.47	-0.68	-0.07
233	9	42	10	0.75	1282383731	292.03	-0.97	-0.93	-0.09
233	9	42	11	0.18	1282383731	291.89	-1.93	-0.64	-0.18
233	9	42	11	0.62	1282383732	291.49	-1.68	-0.03	-0.23
233	9	42	12	0.06	1282383732	290.98	-0.22	0.5	-0.2
233	9	42	12	0.5	1282383733	290.54	2.19	0.74	-0.1
233	9	42	12	0.92	1282383733	290.4	4.28	0.36	-0.03
233	9	42	13	0.35	1282383733	290.54	4.93	-0.36	-0.03
233	9	42	13	0.78	1282383734	290.74	3.71	-1.07	-0.1
233	9	42	14	0.23	1282383734	290.99	0.81	-1.25	-0.15
233	9	42	14	0.65	1282383735	291.33	-2.33	-0.99	-0.06
233	9	42	15	0.09	1282383735	291.57	-5.37	-0.38	0.11
233	9	42	15	0.51	1282383736	291.59	-6.73	0.1	0.34
233	9	42	15	0.95	1282383736	291.53	-6	0.13	0.49
233	9	42	16	0.35	1282383736	291.5	-3.66	-0.23	0.51
233	9	42	16	0.79	1282383737	291.43	-0.28	-0.57	0.43
233	9	42	17	0.21	1282383737	291.51	2.6	-0.58	0.33
233	9	42	17	0.64	1282383738	291.81	4.08	-0.29	0.26
233	9	42	18	0.06	1282383738	292.24	4.54	0.09	0.21
233	9	42	18	0.48	1282383738	292.5	3.98	0.37	0.14
233	9	42	18	0.9	1282383739	292.5	2.76	0.49	0.03
233	9	42	19	0.32	1282383739	292.36	1.03	0.48	-0.08
233	9	42	19	0.75	1282383740	292.05	-0.15	0.35	-0.18
233	9	42	20	0.18	1282383740	291.58	-0.44	0.07	-0.27
233	9	42	20	0.62	1282383741	291.08	0.36	-0.18	-0.35
233	9	42	21	0.04	1282383741	290.8	1.38	-0.26	-0.43
233	9	42	21	0.48	1282383741	290.8	2.06	-0.19	-0.48
233	9	42	21	0.92	1282383742	291.09	1.94	-0.25	-0.47
233	9	42	22	0.34	1282383742	291.47	1.16	-0.45	-0.39
233	9	42	22	0.78	1282383743	291.8	-0.37	-0.62	-0.28
233	9	42	23	0.2	1282383743	292.02	-2.04	-0.68	-0.15
233	9	42	23	0.62	1282383744	292.09	-3.57	-0.69	-0.03
233	9	42	24	0.06	1282383744	292.05	-4	-0.68	0.05
233	9	42	24	0.5	1282383745	291.96	-3.33	-0.58	0.13
233	9	42	24	0.92	1282383745	291.87	-1.86	-0.26	0.2
233	9	42	25	0.35	1282383745	291.79	-0.44	0.18	0.29
233	9	42	25	0.78	1282383746	291.81	0.84	0.51	0.38
233	9	42	26	0.21	1282383746	291.92	1.8	0.37	0.44
233	9	42	26	0.65	1282383747	292.03	2.41	-0.07	0.41
233	9	42	27	0.07	1282383747	292.13	2.57	-0.45	0.29
233	9	42	27	0.51	1282383748	292.15	2.05	-0.38	0.18
233	9	42	27	0.92	1282383748	292.07	0.86	-0.03	0.15
233	9	42	28	0.35	1282383748	291.91	-0.27	0.17	0.2
233	9	42	28	0.78	1282383749	291.75	-1.06	0.09	0.23
233	9	42	29	0.23	1282383749	291.56	-0.97	-0.15	0.16
233	9	42	29	0.67	1282383750	291.41	-0.07	-0.41	0
233	9	42	30	0.07	1282383750	291.33	1.37	-0.52	-0.17
233	9	42	30	0.5	1282383751	291.39	2.19	-0.3	-0.24
233	9	42	30	0.93	1282383751	291.63	1.91	0.13	-0.21
233	9	42	31	0.35	1282383751	291.97	0.72	0.31	-0.11
233	9	42	31	0.81	1282383752	292.22	-0.91	0.15	-0.07
233	9	42	32	0.23	1282383752	292.17	-1.88	-0.14	-0.13
233	9	42	32	0.65	1282383753	291.89	-1.64	-0.39	-0.26
233	9	42	33	0.09	1282383753	291.46	-0.28	-0.4	-0.36
233	9	42	33	0.53	1282383754	290.95	1.56	0.01	-0.36
233	9	42	33	0.96	1282383754	290.68	3.13	0.47	-0.27
233	9	42	34	0.4	1282383754	290.84	3.74	0.49	-0.13
233	9	42	34	0.84	1282383755	291.29	2.99	0	-0.04
233	9	42	35	0.29	1282383755	291.81	0.69	-0.62	-0.06
233	9	42	35	0.73	1282383756	292.25	-2.23	-0.96	-0.1
233	9	42	36	0.15	1282383756	292.51	-4.43	-0.85	-0.07
233	9	42	36	0.59	1282383757	292.58	-5.61	-0.39	0.04
233	9	42	37	0.03	1282383757	292.51	-5.06	0.07	0.2
233	9	42	37	0.46	1282383757	292.4	-2.93	0.27	0.32
233	9	42	37	0.9	1282383758	292.25	-0.29	0.29	0.36
233	9	42	38	0.32	1282383758	292.1	2.58	0.29	0.34
233	9	42	38	0.76	1282383759	292.03	4.43	0.25	0.33
233	9	42	39	0.2	1282383759	292.04	4.76	0.09	0.32
233	9	42	39	0.62	1282383760	292.01	3.8	-0.19	0.29
233	9	42	40	0.07	1282383760	291.96	2.07	-0.29	0.22
233	9	42	40	0.51	1282383761	291.99	0.27	-0.18	0.15
233	9	42	40	0.95	1282383761	292.04	-1.64	-0.07	0.12
233	9	42	41	0.39	1282383761	292	-2.85	-0.23	0.1
233	9	42	41	0.81	1282383762	292.02	-2.82	-0.58	0.05
233	9	42	42	0.23	1282383762	292.12	-1.88	-0.89	-0.04
233	9	42	42	0.67	1282383763	292.18	-0.18	-0.99	-0.2
233	9	42	43	0.09	1282383763	292.24	1.49	-0.7	-0.34
233	9	42	43	0.53	1282383764	292.42	2.86	-0.18	-0.41
233	9	42	43	0.95	1282383764	292.56	3.09	0.29	-0.38
233	9	42	44	0.37	1282383764	292.67	2.21	0.52	-0.29
233	9	42	44	0.79	1282383765	292.73	0.74	0.48	-0.18
233	9	42	45	0.23	1282383765	292.64	-0.94	0.28	-0.09
233	9	42	45	0.65	1282383766	292.36	-1.72	-0.03	-0.07
233	9	42	46	0.09	1282383766	291.8	-1.33	-0.38	-0.13
233	9	42	46	0.51	1282383767	291.39	0.11	-0.62	-0.24
233	9	42	46	0.93	1282383767	291.27	2.14	-0.69	-0.36
233	9	42	47	0.35	1282383767	291.32	3.36	-0.48	-0.39
233	9	42	47	0.78	1282383768	291.42	3.27	-0.05	-0.27
233	9	42	48	0.21	1282383768	291.73	1.7	0.25	-0.01
233	9	42	48	0.64	1282383769	292.1	-1.08	0.06	0.28
233	9	42	49	0.06	1282383769	292.31	-3.53	-0.7	0.48
233	9	42	49	0.48	1282383769	292.41	-5.41	-1.49	0.51
233	9	42	49	0.92	1282383770	292.36	-5.9	-1.4	0.46
233	9	42	50	0.34	1282383770	292.02	-4.86	-0.54	0.45
233	9	42	50	0.76	1282383771	291.52	-2.29	0.46	0.53
233	9	42	51	0.18	1282383771	291.04	0.82	1.09	0.64
233	9	42	51	0.6	1282383772	290.78	3.96	1.21	0.64
233	9	42	52	0.03	1282383772	290.77	6.67	0.74	0.48
233	9	42	52	0.46	1282383772	290.89	7.57	0.21	0.18
233	9	42	52	0.89	1282383773	291.11	6.32	-0.22	-0.08
233	9	42	53	0.29	1282383773	291.4	3.45	-0.37	-0.21
233	9	42	53	0.71	1282383774	291.56	0.07	-0.22	-0.25
233	9	42	54	0.12	1282383774	291.53	-2.72	0.17	-0.28
233	9	42	54	0.53	1282383775	291.33	-3.56	0.37	-0.35
233	9	42	54	0.95	1282383775	291.16	-3.06	0.14	-0.48
233	9	42	55	0.37	1282383775	291.15	-1.41	-0.56	-0.6
233	9	42	55	0.79	1282383776	291.39	0.27	-1.21	-0.62
233	9	42	56	0.2	1282383776	291.76	1.37	-1.54	-0.52
233	9	42	56	0.62	1282383777	292.13	1.29	-1.21	-0.34
233	9	42	57	0.04	1282383777	292.45	0.19	-0.54	-0.15
233	9	42	57	0.46	1282383777	292.69	-1.33	0.05	0
233	9	42	57	0.89	1282383778	292.68	-2.62	0.3	0.1
233	9	42	58	0.31	1282383778	292.48	-2.73	0.15	0.14
233	9	42	58	0.73	1282383779	292.21	-1.68	-0.13	0.13
233	9	42	59	0.14	1282383779	291.92	-0.14	-0.26	0.1
233	9	42	59	0.56	1282383780	291.65	1.62	-0.17	0.1
233	9	42	59	0.98	1282383780	291.58	3.14	0.03	0.14
233	9	43	0	0.4	1282383780	291.66	3.45	0.1	0.21
233	9	43	0	0.81	1282383781	291.85	2.53	-0.11	0.25
233	9	43	1	0.23	1282383781	292.09	1.09	-0.53	0.22
233	9	43	1	0.65	1282383782	292.27	-0.41	-0.8	0.15
233	9	43	2	0.06	1282383782	292.36	-1.64	-0.58	0.09
233	9	43	2	0.48	1282383782	292.35	-2.56	0.21	0.12
233	9	43	2	0.89	1282383783	292.27	-2.66	0.95	0.24
233	9	43	3	0.31	1282383783	292.15	-1.91	1.27	0.4
233	9	43	3	0.71	1282383784	291.99	-0.38	0.94	0.5
233	9	43	4	0.14	1282383784	291.83	1	0.22	0.46
233	9	43	4	0.54	1282383785	291.69	2.06	-0.44	0.26
233	9	43	4	0.95	1282383785	291.48	3.05	-0.62	-0.03
233	9	43	5	0.37	1282383785	291.19	4.17	-0.21	-0.32
233	9	43	5	0.78	1282383786	291.09	4.6	0.27	-0.49
233	9	43	6	0.18	1282383786	291.16	3.8	0.47	-0.49
233	9	43	6	0.59	1282383787	291.27	1.62	0.37	-0.39
233	9	43	7	0.01	1282383787	291.48	-1.33	0.13	-0.31
233	9	43	7	0.42	1282383787	291.66	-4.2	-0.13	-0.28
233	9	43	7	0.82	1282383788	291.62	-4.97	-0.38	-0.3
233	9	43	8	0.25	1282383788	291.46	-3.74	-0.73	-0.27
233	9	43	8	0.64	1282383789	291.36	-1.25	-1.04	-0.21
233	9	43	9	0.04	1282383789	291.38	1.21	-1.13	-0.13
233	9	43	9	0.45	1282383789	291.51	2.57	-0.96	-0.06
233	9	43	9	0.85	1282383790	291.68	2.44	-0.62	0.01
233	9	43	10	0.26	1282383790	291.88	0.77	-0.23	0.1
233	9	43	10	0.68	1282383791	291.86	-1.29	0.03	0.23
233	9	43	11	0.09	1282383791	291.45	-2.88	0.17	0.35
233	9	43	11	0.5	1282383792	290.76	-3.24	0.09	0.44
233	9	43	11	0.9	1282383792	289.9	-2.17	-0.18	0.43
233	9	43	12	0.32	1282383792	288.98	0.38	-0.39	0.34
233	9	43	12	0.73	1282383793	288.26	2.89	-0.3	0.23
233	9	43	13	0.14	1282383793	287.73	4.47	-0.05	0.14
233	9	43	13	0.54	1282383794	287.36	4.59	0.11	0.1
233	9	43	13	0.96	1282383794	287.08	3.51	0.02	0.05
233	9	43	14	0.37	1282383794	286.85	1.7	-0.38	-0.03
233	9	43	14	0.79	1282383795	286.4	0.22	-0.56	-0.2
233	9	43	15	0.2	1282383795	285.86	-0.78	-0.41	-0.35
233	9	43	15	0.6	1282383796	285.34	-1.33	-0.07	-0.39
233	9	43	16	0.03	1282383796	284.72	-1.33	0.28	-0.33
233	9	43	16	0.43	1282383796	284.13	-0.58	0.36	-0.23
233	9	43	16	0.84	1282383797	283.63	0.62	0.13	-0.14
233	9	43	17	0.25	1282383797	283.29	1.63	-0.31	-0.12
233	9	43	17	0.67	1282383798	282.93	1.99	-0.7	-0.14
233	9	43	18	0.07	1282383798	282.61	1.67	-1.03	-0.13
233	9	43	18	0.5	1282383799	282.39	0.8	-1.17	-0.07
233	9	43	18	0.9	1282383799	282.14	-0.56	-1.05	0.02
233	9	43	19	0.32	1282383799	281.65	-2.23	-0.54	0.11
233	9	43	19	0.75	1282383800	281.08	-3.16	-0.03	0.2
233	9	43	20	0.17	1282383800	280.56	-3.11	0.27	0.27
233	9	43	20	0.57	1282383801	280.04	-1.8	0.19	0.3
233	9	43	21	0	1282383801	279.36	0.21	-0.07	0.28
233	9	43	21	0.42	1282383801	278.66	2.76	-0.33	0.22
233	9	43	21	0.84	1282383802	278.07	4.51	-0.33	0.13
233	9	43	22	0.26	1282383802	277.58	5.19	-0.11	0.04
233	9	43	22	0.68	1282383803	277.19	4.46	0.18	-0.02
233	9	43	23	0.09	1282383803	276.89	2.67	0.26	-0.03
233	9	43	23	0.51	1282383804	276.62	0.23	0.06	-0.02
233	9	43	23	0.92	1282383804	276.26	-2.31	-0.42	0
233	9	43	24	0.34	1282383804	275.7	-3.48	-0.8	-0.03
233	9	43	24	0.76	1282383805	275.01	-3.25	-0.91	-0.08
233	9	43	25	0.17	1282383805	274.28	-1.64	-0.62	-0.11
233	9	43	25	0.59	1282383806	273.54	0.39	-0.11	-0.09
233	9	43	26	0.01	1282383806	273.01	2.34	0.23	-0.02
233	9	43	26	0.43	1282383806	272.7	3.7	0.18	0.03
233	9	43	26	0.85	1282383807	272.5	3.76	-0.19	0.04
233	9	43	27	0.26	1282383807	272.28	2.65	-0.52	-0.01
233	9	43	27	0.68	1282383808	271.99	0.95	-0.53	-0.08
233	9	43	28	0.1	1282383808	271.59	-0.91	-0.35	-0.09
233	9	43	28	0.53	1282383809	270.99	-2.5	-0.1	-0.05
233	9	43	28	0.93	1282383809	270.24	-2.9	0.11	0
233	9	43	29	0.35	1282383809	269.29	-2.02	0.27	0
233	9	43	29	0.78	1282383810	268.28	0.23	0.25	-0.02
233	9	43	30	0.18	1282383810	267.5	2.57	-0.03	-0.08
233	9	43	30	0.6	1282383811	266.88	4.27	-0.4	-0.14
233	9	43	31	0.03	1282383811	266.32	4.57	-0.65	-0.17
233	9	43	31	0.45	1282383811	265.81	3.29	-0.62	-0.16
233	9	43	31	0.85	1282383812	265.4	1.09	-0.49	-0.11
233	9	43	32	0.28	1282383812	264.98	-1.37	-0.44	-0.04
233	9	43	32	0.7	1282383813	264.44	-2.67	-0.52	0
233	9	43	33	0.1	1282383813	263.88	-2.78	-0.62	0.03
233	9	43	33	0.53	1282383814	263.24	-1.74	-0.74	0.07
233	9	43	33	0.95	1282383814	262.63	-0.26	-0.78	0.12
233	9	43	34	0.35	1282383814	262.08	1.2	-0.7	0.16
233	9	43	34	0.78	1282383815	261.56	2.39	-0.41	0.17
233	9	43	35	0.2	1282383815	261.16	2.82	-0.15	0.17
233	9	43	35	0.62	1282383816	260.78	2.58	-0.06	0.17
233	9	43	36	0.04	1282383816	260.36	1.78	-0.11	0.15
233	9	43	36	0.46	1282383816	259.87	0.7	-0.1	0.11
233	9	43	36	0.89	1282383817	259.31	-0.21	0.13	0.04
233	9	43	37	0.29	1282383817	258.76	-0.39	0.32	-0.01
233	9	43	37	0.71	1282383818	258.17	0.21	0.27	-0.05
233	9	43	38	0.14	1282383818	257.55	1.27	0.03	-0.1
233	9	43	38	0.56	1282383819	256.97	2.48	-0.13	-0.16
233	9	43	38	0.98	1282383819	256.54	3.44	-0.03	-0.22
233	9	43	39	0.4	1282383819	256.3	3.52	0.22	-0.24
233	9	43	39	0.82	1282383820	256.13	2.69	0.4	-0.2
233	9	43	40	0.23	1282383820	255.96	1.44	0.32	-0.13
233	9	43	40	0.65	1282383821	255.83	0.11	0.02	-0.08
233	9	43	41	0.07	1282383821	255.79	-1.02	-0.51	-0.07
233	9	43	41	0.48	1282383821	255.86	-1.62	-1.03	-0.09
233	9	43	41	0.9	1282383822	256.05	-1.93	-1.33	-0.1
233	9	43	42	0.32	1282383822	256.34	-1.9	-1.17	-0.09
233	9	43	42	0.73	1282383823	256.65	-1.5	-0.72	-0.02
233	9	43	43	0.15	1282383823	256.93	-0.85	-0.4	0.06
233	9	43	43	0.56	1282383824	257.11	-0.13	-0.41	0.11
233	9	43	43	0.98	1282383824	257.25	0.54	-0.54	0.1
233	9	43	44	0.39	1282383824	257.3	0.91	-0.46	0.07
233	9	43	44	0.79	1282383825	257.23	1.04	-0.15	0.1
233	9	43	45	0.21	1282383825	257.09	0.97	0.13	0.18
233	9	43	45	0.64	1282383826	256.89	0.73	-0.01	0.29
233	9	43	46	0.04	1282383826	256.67	0.36	-0.41	0.33
233	9	43	46	0.46	1282383826	256.49	-0.07	-0.65	0.24
233	9	43	46	0.89	1282383827	256.38	-0.35	-0.37	0.1
233	9	43	47	0.29	1282383827	256.3	-0.31	0.22	0
233	9	43	47	0.71	1282383828	256.15	-0.06	0.78	0.02
233	9	43	48	0.12	1282383828	255.98	0.27	0.98	0.11
233	9	43	48	0.54	1282383829	255.87	0.49	0.74	0.15
233	9	43	48	0.96	1282383829	255.68	0.66	0.34	0.08
233	9	43	49	0.37	1282383829	255.43	0.93	0.02	-0.06
233	9	43	49	0.79	1282383830	255.09	1.24	0.05	-0.22
233	9	43	50	0.2	1282383830	254.62	1.53	0.39	-0.26
233	9	43	50	0.62	1282383831	254.06	1.8	0.78	-0.2
233	9	43	51	0.04	1282383831	253.54	1.84	0.86	-0.11
233	9	43	51	0.46	1282383831	253.07	1.48	0.64	-0.07
233	9	43	51	0.87	1282383832	252.62	0.81	0.29	-0.12
233	9	43	52	0.29	1282383832	252.22	0.38	0.11	-0.2
233	9	43	52	0.71	1282383833	251.93	0.25	0.13	-0.25
233	9	43	53	0.14	1282383833	251.66	0.37	0.21	-0.21
233	9	43	53	0.54	1282383834	251.37	0.6	0.18	-0.14
233	9	43	53	0.96	1282383834	251.09	0.96	0.05	-0.1
233	9	43	54	0.39	1282383834	250.9	1.31	-0.11	-0.1
233	9	43	54	0.81	1282383835	250.8	1.46	-0.4	-0.1
233	9	43	55	0.23	1282383835	250.73	1.25	-0.8	-0.09
233	9	43	55	0.64	1282383836	250.75	0.82	-1.09	-0.04
233	9	43	56	0.06	1282383836	250.96	0.21	-1.21	0.01
233	9	43	56	0.46	1282383836	251.26	-0.56	-1.15	0.05
233	9	43	56	0.89	1282383837	251.6	-1.05	-0.96	0.09
233	9	43	57	0.29	1282383837	251.91	-1.2	-0.74	0.15
233	9	43	57	0.71	1282383838	252.17	-1.04	-0.62	0.21
233	9	43	58	0.14	1282383838	252.37	-0.74	-0.73	0.25
233	9	43	58	0.56	1282383839	252.5	-0.38	-0.94	0.25
233	9	43	58	0.98	1282383839	252.59	0.11	-1.09	0.2
233	9	43	59	0.39	1282383839	252.71	0.54	-1.02	0.12
233	9	43	59	0.81	1282383840	252.9	0.84	-0.76	0.04
233	9	44	0	0.21	1282383840	253.03	0.86	-0.36	0
233	9	44	0	0.64	1282383841	253.07	0.58	0.03	0
233	9	44	1	0.04	1282383841	253.06	0.17	0.28	0.01
233	9	44	1	0.46	1282383841	253.1	-0.25	0.28	0.01
233	9	44	1	0.87	1282383842	253.19	-0.4	-0.03	0
233	9	44	2	0.29	1282383842	253.27	-0.03	-0.37	-0.05
233	9	44	2	0.71	1282383843	253.32	0.7	-0.51	-0.09
233	9	44	3	0.12	1282383843	253.45	1.38	-0.35	-0.11
233	9	44	3	0.54	1282383844	253.67	1.45	-0.11	-0.09
233	9	44	3	0.95	1282383844	253.89	0.98	-0.01	-0.04
233	9	44	4	0.35	1282383844	254.13	0.13	-0.1	-0.03
233	9	44	4	0.78	1282383845	254.45	-1.07	-0.23	-0.06
233	9	44	5	0.18	1282383845	254.67	-2.1	-0.25	-0.12
233	9	44	5	0.6	1282383846	254.69	-2.55	-0.07	-0.14
233	9	44	6	0.01	1282383846	254.54	-2.07	0.31	-0.09
233	9	44	6	0.42	1282383846	254.26	-0.51	0.74	0
233	9	44	6	0.84	1282383847	253.93	1.28	0.89	0.07
233	9	44	7	0.25	1282383847	253.67	2.82	0.74	0.07
233	9	44	7	0.67	1282383848	253.47	3.76	0.42	-0.01
233	9	44	8	0.09	1282383848	253.19	3.78	0.23	-0.12
233	9	44	8	0.51	1282383849	252.91	3.16	0.23	-0.19
233	9	44	8	0.92	1282383849	252.7	1.99	0.43	-0.17
233	9	44	9	0.34	1282383849	252.55	0.84	0.54	-0.08
233	9	44	9	0.76	1282383850	252.49	-0.01	0.28	0
233	9	44	10	0.18	1282383850	252.66	-0.42	-0.43	0
233	9	44	10	0.59	1282383851	253	-0.62	-1.04	-0.04
233	9	44	11	0.01	1282383851	253.32	-0.87	-1.37	-0.07
233	9	44	11	0.43	1282383851	253.51	-1.13	-1.39	-0.02
233	9	44	11	0.84	1282383852	253.64	-1.25	-1.25	0.08
233	9	44	12	0.26	1282383852	253.76	-1.24	-1.16	0.18
233	9	44	12	0.67	1282383853	253.93	-0.93	-1.25	0.18
233	9	44	13	0.09	1282383853	254.09	-0.38	-1.29	0.09
233	9	44	13	0.51	1282383854	254.17	0.33	-1.11	0
233	9	44	13	0.92	1282383854	254.13	1.19	-0.68	-0.02
233	9	44	14	0.34	1282383854	254.06	1.83	-0.28	0.07
233	9	44	14	0.75	1282383855	253.98	2.1	0.03	0.2
233	9	44	15	0.17	1282383855	253.9	1.9	0.21	0.26
233	9	44	15	0.59	1282383856	253.76	1.29	0.26	0.22
233	9	44	16	0	1282383856	253.52	0.7	0.22	0.11
233	9	44	16	0.42	1282383856	253.19	0.35	0.26	0.02
233	9	44	16	0.82	1282383857	252.86	0.27	0.49	0
233	9	44	17	0.25	1282383857	252.49	0.42	0.8	0.01
233	9	44	17	0.65	1282383858	252.14	0.74	1.06	0.05
233	9	44	18	0.07	1282383858	251.81	1.29	1.11	0.04
233	9	44	18	0.48	1282383858	251.6	1.84	0.93	-0.04
233	9	44	18	0.9	1282383859	251.5	2.29	0.74	-0.17
233	9	44	19	0.32	1282383859	251.46	2.45	0.66	-0.27
233	9	44	19	0.73	1282383860	251.47	2.23	0.49	-0.28
233	9	44	20	0.15	1282383860	251.57	1.74	0.07	-0.24
233	9	44	20	0.57	1282383861	251.76	0.85	-0.45	-0.2
233	9	44	20	0.98	1282383861	251.89	-0.03	-0.81	-0.2
233	9	44	21	0.4	1282383861	251.98	-0.64	-1.13	-0.23
233	9	44	21	0.82	1282383862	252.11	-0.84	-1.66	-0.22
233	9	44	22	0.23	1282383862	252.32	-0.66	-2.3	-0.17
233	9	44	22	0.65	1282383863	252.64	-0.34	-2.89	-0.09
233	9	44	23	0.06	1282383863	252.98	-0.13	-3.24	-0.02
233	9	44	23	0.48	1282383863	253.3	-0.07	-3.27	0.02
233	9	44	23	0.89	1282383864	253.6	-0.26	-3.07	0.05
233	9	44	24	0.31	1282383864	253.91	-0.62	-2.86	0.1
233	9	44	24	0.71	1282383865	254.2	-1.06	-2.81	0.15
233	9	44	25	0.12	1282383865	254.46	-1.33	-2.86	0.21
233	9	44	25	0.54	1282383866	254.61	-1.15	-2.9	0.23
233	9	44	25	0.95	1282383866	254.62	-0.62	-2.74	0.23
233	9	44	26	0.37	1282383866	254.46	0.29	-2.3	0.23
233	9	44	26	0.79	1282383867	254.21	1.21	-1.84	0.25
233	9	44	27	0.2	1282383867	253.95	1.98	-1.49	0.28
233	9	44	27	0.62	1282383868	253.65	2.37	-1.39	0.31
233	9	44	28	0.04	1282383868	253.28	2.38	-1.6	0.29
233	9	44	28	0.45	1282383868	252.83	2.19	-1.99	0.23
233	9	44	28	0.87	1282383869	252.3	1.82	-2.37	0.13
233	9	44	29	0.29	1282383869	251.72	1.35	-2.49	0.04
233	9	44	29	0.71	1282383870	251.18	0.87	-2.43	-0.01
233	9	44	30	0.14	1282383870	250.77	0.52	-2.31	-0.02
233	9	44	30	0.56	1282383871	250.52	0.42	-2.33	-0.01
233	9	44	30	0.98	1282383871	250.36	0.41	-2.52	-0.03
233	9	44	31	0.39	1282383871	250.26	0.4	-2.86	-0.08
233	9	44	31	0.81	1282383872	250.19	0.39	-3.35	-0.15
233	9	44	32	0.25	1282383872	250.07	0.39	-3.8	-0.21
233	9	44	32	0.67	1282383873	249.87	0.39	-3.9	-0.25
233	9	44	33	0.09	1282383873	249.65	0.36	-3.57	-0.22
233	9	44	33	0.51	1282383874	249.45	0.3	-3.07	-0.14
233	9	44	33	0.93	1282383874	249.29	0.26	-2.68	-0.04
233	9	44	34	0.35	1282383874	249.24	0.33	-2.73	0.01
233	9	44	34	0.78	1282383875	249.28	0.61	-3.04	0.02
233	9	44	35	0.2	1282383875	249.34	0.92	-3.21	0
233	9	44	35	0.62	1282383876	249.36	1.15	-3.06	0.01
233	9	44	36	0.04	1282383876	249.34	1.13	-2.72	0.06
233	9	44	36	0.48	1282383876	249.36	0.93	-2.31	0.12
233	9	44	36	0.9	1282383877	249.44	0.62	-2.01	0.15
233	9	44	37	0.32	1282383877	249.56	0.21	-1.76	0.12
233	9	44	37	0.75	1282383878	249.56	-0.18	-1.68	0.05
233	9	44	38	0.17	1282383878	249.43	-0.52	-1.7	0
233	9	44	38	0.6	1282383879	249.29	-0.68	-1.71	-0.01
233	9	44	39	0.03	1282383879	249.17	-0.66	-1.57	0
233	9	44	39	0.45	1282383879	249.02	-0.36	-1.38	0.01
233	9	44	39	0.87	1282383880	248.79	0.34	-1.31	0
233	9	44	40	0.31	1282383880	248.56	1.15	-1.47	-0.07
233	9	44	40	0.73	1282383881	248.4	1.98	-1.8	-0.13
233	9	44	41	0.15	1282383881	248.28	2.37	-2.05	-0.14
233	9	44	41	0.59	1282383882	248.24	2.23	-2.19	-0.1
233	9	44	42	0.01	1282383882	248.33	1.63	-2.27	-0.05
233	9	44	42	0.45	1282383882	248.51	0.66	-2.47	-0.02
								

