-52.50406377 47.57415364 2010 233 12 10 0 17.04 0.00
-52.50414179 47.57417386 2010 233 12 10 1 16.89 12.33
-52.50421959 47.57419360 2010 233 12 10 2 16.88 12.18
-52.50429692 47.57421693 2010 233 12 10 3 16.60 12.11
-52.50437365 47.57424086 2010 233 12 10 4 16.26 12.34
-52.50445347 47.57425791 2010 233 12 10 5 16.55 12.32
-52.50453746 47.57427264 2010 233 12 10 6 16.75 12.20
-52.50461579 47.57429404 2010 233 12 10 7 16.90 12.65
-52.50468846 47.57432295 2010 233 12 10 8 17.16 12.32
-52.50476737 47.57434495 2010 233 12 10 9 17.07 12.30
-52.50484948 47.57435877 2010 233 12 10 10 16.84 12.44
-52.50492605 47.57437989 2010 233 12 10 11 16.67 12.33
-52.50499787 47.57440836 2010 233 12 10 12 16.30 12.06
-52.50507476 47.57442901 2010 233 12 10 13 16.51 12.19
-52.50515646 47.57444322 2010 233 12 10 14 16.65 12.06
-52.50523166 47.57446736 2010 233 12 10 15 16.66 12.29
-52.50530466 47.57449554 2010 233 12 10 16 16.89 12.14
-52.50538260 47.57451649 2010 233 12 10 17 17.03 12.26
-52.50546422 47.57453317 2010 233 12 10 18 16.95 12.23
-52.50554328 47.57455323 2010 233 12 10 19 16.88 12.43
-52.50561827 47.57457614 2010 233 12 10 20 16.84 12.31
-52.50569421 47.57459975 2010 233 12 10 21 16.79 12.00
-52.50577361 47.57462130 2010 233 12 10 22 16.47 12.19
-52.50585158 47.57463889 2010 233 12 10 23 16.29 12.47
-52.50592811 47.57466035 2010 233 12 10 24 16.38 11.98
-52.50600255 47.57468561 2010 233 12 10 25 16.40 12.08
-52.50607699 47.57470999 2010 233 12 10 26 16.87 12.15
-52.50615874 47.57472738 2010 233 12 10 27 16.95 12.10
-52.50623847 47.57474291 2010 233 12 10 28 16.82 12.49
-52.50631254 47.57476861 2010 233 12 10 29 17.03 12.09
-52.50638727 47.57479763 2010 233 12 10 30 16.72 12.14
-52.50646737 47.57481521 2010 233 12 10 31 16.59 12.57
-52.50654992 47.57482798 2010 233 12 10 32 16.53 12.27
-52.50662728 47.57485070 2010 233 12 10 33 16.60 12.34
-52.50669992 47.57488084 2010 233 12 10 34 16.69 12.30
-52.50677434 47.57490501 2010 233 12 10 35 16.59 12.43
-52.50685515 47.57492166 2010 233 12 10 36 16.57 12.04
-52.50693507 47.57493946 2010 233 12 10 37 16.60 12.31
-52.50701067 47.57496168 2010 233 12 10 38 16.72 12.30
-52.50708596 47.57498847 2010 233 12 10 39 16.77 12.02
-52.50716406 47.57500974 2010 233 12 10 40 16.76 12.41
-52.50724457 47.57502603 2010 233 12 10 41 16.86 12.27
-52.50732388 47.57504654 2010 233 12 10 42 16.65 12.25
-52.50739906 47.57507055 2010 233 12 10 43 16.64 12.38
-52.50747535 47.57509323 2010 233 12 10 44 16.72 12.12
-52.50755472 47.57511152 2010 233 12 10 45 16.78 12.15
-52.50763472 47.57512980 2010 233 12 10 46 16.95 12.22
-52.50771148 47.57515206 2010 233 12 10 47 17.01 12.31
-52.50778766 47.57517711 2010 233 12 10 48 16.85 12.16
-52.50786585 47.57519836 2010 233 12 10 49 16.69 12.35
-52.50794446 47.57521849 2010 233 12 10 50 16.48 12.29
-52.50802235 47.57524003 2010 233 12 10 51 16.23 12.25
-52.50810052 47.57526102 2010 233 12 10 52 16.42 12.27
-52.50817915 47.57528389 2010 233 12 10 53 16.51 12.26
-52.50825701 47.57530359 2010 233 12 10 54 16.93 12.48
-52.50833754 47.57532200 2010 233 12 10 55 17.32 12.12
-52.50841560 47.57534445 2010 233 12 10 56 17.12 12.39
-52.50849387 47.57536698 2010 233 12 10 57 16.87 12.37
-52.50857382 47.57538400 2010 233 12 10 58 16.56 12.41
-52.50865327 47.57540182 2010 233 12 10 59 16.65 12.22
-52.50873172 47.57542533 2010 233 12 11 0 16.42 12.20
-52.50880514 47.57545094 2010 233 12 11 1 16.16 12.51
-52.50888056 47.57547312 2010 233 12 11 2 16.56 12.05
-52.50896324 47.57548709 2010 233 12 11 3 16.85 11.99
-52.50904309 47.57550702 2010 233 12 11 4 16.90 12.42
-52.50911535 47.57553368 2010 233 12 11 5 16.77 12.41
-52.50919038 47.57555922 2010 233 12 11 6 16.65 12.01
-52.50927148 47.57557715 2010 233 12 11 7 16.64 12.25
-52.50935091 47.57559395 2010 233 12 11 8 16.84 12.44
-52.50942815 47.57561800 2010 233 12 11 9 16.83 12.13
-52.50950288 47.57564488 2010 233 12 11 10 16.58 12.40
-52.50957588 47.57566988 2010 233 12 11 11 16.49 12.35
-52.50965393 47.57568851 2010 233 12 11 12 16.54 11.93
-52.50973255 47.57570931 2010 233 12 11 13 16.56 12.12
-52.50980479 47.57573538 2010 233 12 11 14 16.62 12.31
-52.50987889 47.57575850 2010 233 12 11 15 16.82 11.94
-52.50995795 47.57577898 2010 233 12 11 16 16.81 11.90
-52.51003452 47.57580124 2010 233 12 11 17 16.84 12.34
-52.51011053 47.57582354 2010 233 12 11 18 16.81 12.15
-52.51018820 47.57584614 2010 233 12 11 19 16.66 12.08
-52.51026474 47.57587050 2010 233 12 11 20 16.50 12.33
-52.51034147 47.57589336 2010 233 12 11 21 16.39 12.34
-52.51042063 47.57591304 2010 233 12 11 22 16.60 12.23
-52.51050115 47.57593246 2010 233 12 11 23 16.74 12.30
-52.51057906 47.57595633 2010 233 12 11 24 16.81 12.46
-52.51065482 47.57598270 2010 233 12 11 25 16.86 12.47
-52.51073430 47.57600510 2010 233 12 11 26 16.77 12.43
-52.51081967 47.57602046 2010 233 12 11 27 16.79 12.55
-52.51090304 47.57603641 2010 233 12 11 28 16.74 12.89
-52.51097614 47.57606619 2010 233 12 11 29 16.54 12.63
-52.51104920 47.57609644 2010 233 12 11 30 16.43 12.45
-52.51113183 47.57611056 2010 233 12 11 31 16.53 12.50
-52.51121089 47.57612490 2010 233 12 11 32 16.42 12.42
-52.51128414 47.57615016 2010 233 12 11 33 16.73 11.93
-52.51135874 47.57617588 2010 233 12 11 34 16.88 11.99
-52.51143640 47.57619370 2010 233 12 11 35 16.96 12.21
-52.51151520 47.57621089 2010 233 12 11 36 17.01 11.95
-52.51159165 47.57623206 2010 233 12 11 37 16.80 12.07
-52.51166738 47.57625613 2010 233 12 11 38 16.59 12.04
-52.51174688 47.57627525 2010 233 12 11 39 16.40 12.22
-52.51182817 47.57628939 2010 233 12 11 40 16.34 12.30
-52.51190727 47.57630911 2010 233 12 11 41 16.66 12.23
-52.51198142 47.57633932 2010 233 12 11 42 16.66 12.29
-52.51205784 47.57636541 2010 233 12 11 43 16.51 12.63
-52.51213886 47.57637919 2010 233 12 11 44 16.72 12.48
-52.51222116 47.57639173 2010 233 12 11 45 17.09 12.18
-52.51229954 47.57641428 2010 233 12 11 46 17.20 12.29
-52.51237401 47.57644077 2010 233 12 11 47 16.98 12.42
-52.51245338 47.57645846 2010 233 12 11 48 16.76 12.26
-52.51253682 47.57646976 2010 233 12 11 49 16.60 12.18
-52.51261142 47.57649357 2010 233 12 11 50 16.36 12.40
-52.51268322 47.57652314 2010 233 12 11 51 16.20 12.03
-52.51276037 47.57654421 2010 233 12 11 52 16.04 12.26
-52.51284260 47.57655419 2010 233 12 11 53 16.32 12.13
-52.51292503 47.57657030 2010 233 12 11 54 16.80 12.17
-52.51300040 47.57659747 2010 233 12 11 55 17.06 12.51
-52.51307225 47.57662618 2010 233 12 11 56 17.22 12.46
-52.51315241 47.57664565 2010 233 12 11 57 17.15 12.17
-52.51323722 47.57665672 2010 233 12 11 58 16.84 12.43
-52.51331656 47.57667509 2010 233 12 11 59 16.61 12.59
-52.51339066 47.57670118 2010 233 12 12 0 16.22 12.23
-52.51346601 47.57672371 2010 233 12 12 1 16.45 12.18
-52.51354737 47.57674086 2010 233 12 12 2 16.63 12.01
-52.51362538 47.57675907 2010 233 12 12 3 16.40 12.42
-52.51369799 47.57678474 2010 233 12 12 4 16.48 12.03
-52.51377560 47.57680872 2010 233 12 12 5 16.56 11.95
-52.51385829 47.57682165 2010 233 12 12 6 16.66 12.45
-52.51394007 47.57683257 2010 233 12 12 7 16.98 12.37
-52.51401896 47.57685484 2010 233 12 12 8 17.12 12.15
-52.51409619 47.57687840 2010 233 12 12 9 16.96 12.47
-52.51417489 47.57689669 2010 233 12 12 10 16.75 12.35
-52.51425510 47.57691303 2010 233 12 12 11 16.50 12.13
-52.51433184 47.57693524 2010 233 12 12 12 16.33 12.21
-52.51440596 47.57696014 2010 233 12 12 13 16.17 12.17
-52.51448371 47.57697986 2010 233 12 12 14 16.35 12.07
-52.51456489 47.57699541 2010 233 12 12 15 16.65 12.11
-52.51464414 47.57701538 2010 233 12 12 16 16.80 12.29
-52.51472059 47.57703778 2010 233 12 12 17 16.97 12.33
-52.51479943 47.57705879 2010 233 12 12 18 17.05 12.15
-52.51487888 47.57707785 2010 233 12 12 19 16.89 12.36
-52.51495805 47.57709356 2010 233 12 12 20 16.96 12.29
-52.51503675 47.57711388 2010 233 12 12 21 16.71 12.02
-52.51511244 47.57713743 2010 233 12 12 22 16.50 12.28
-52.51519134 47.57715414 2010 233 12 12 23 16.60 12.15
-52.51527122 47.57717304 2010 233 12 12 24 16.40 12.05
-52.51534485 47.57719880 2010 233 12 12 25 16.31 12.34
-52.51541932 47.57722188 2010 233 12 12 26 16.55 12.09
-52.51550208 47.57723649 2010 233 12 12 27 16.60 11.95
-52.51558314 47.57725059 2010 233 12 12 28 16.73 12.47
-52.51565941 47.57727289 2010 233 12 12 29 16.96 12.20
-52.51573432 47.57729874 2010 233 12 12 30 17.00 12.12
-52.51581248 47.57731892 2010 233 12 12 31 17.01 12.26
-52.51589278 47.57733376 2010 233 12 12 32 16.91 12.20
-52.51597285 47.57734993 2010 233 12 12 33 16.86 12.13
-52.51605130 47.57737276 2010 233 12 12 34 16.61 12.18
-52.51612683 47.57739780 2010 233 12 12 35 16.33 12.45
-52.51620520 47.57741794 2010 233 12 12 36 16.47 12.27
-52.51628662 47.57743544 2010 233 12 12 37 16.60 12.22
-52.51636360 47.57746092 2010 233 12 12 38 16.38 12.45
-52.51643842 47.57748786 2010 233 12 12 39 16.35 12.52
-52.51651900 47.57750356 2010 233 12 12 40 16.98 12.36
-52.51660599 47.57751703 2010 233 12 12 41 17.24 12.22
-52.51668444 47.57753605 2010 233 12 12 42 17.23 13.01
-52.51675836 47.57756142 2010 233 12 12 43 17.28 12.15
-52.51683663 47.57758409 2010 233 12 12 44 16.76 12.09
-52.51691785 47.57759603 2010 233 12 12 45 16.60 12.41
-52.51699516 47.57761121 2010 233 12 12 46 16.29 12.11
-52.51706963 47.57763666 2010 233 12 12 47 16.14 11.73
-52.51714606 47.57765960 2010 233 12 12 48 16.47 12.19
-52.51722543 47.57767521 2010 233 12 12 49 16.69 12.19
-52.51730531 47.57769503 2010 233 12 12 50 16.76 12.05
-52.51738133 47.57772041 2010 233 12 12 51 16.78 12.40
-52.51745858 47.57774171 2010 233 12 12 52 16.91 12.36
-52.51754173 47.57775728 2010 233 12 12 53 16.90 12.16
-52.51762087 47.57777419 2010 233 12 12 54 16.87 12.58
-52.51769705 47.57779520 2010 233 12 12 55 17.17 12.10
-52.51777625 47.57781797 2010 233 12 12 56 16.96 11.99
-52.51785138 47.57784156 2010 233 12 12 57 16.27 12.55
-52.51792941 47.57785918 2010 233 12 12 58 16.36 12.11
-52.51801188 47.57787200 2010 233 12 12 59 16.39 11.99
-52.51808804 47.57789612 2010 233 12 13 0 16.57 12.33
-52.51816284 47.57792211 2010 233 12 13 1 16.71 12.26
-52.51824344 47.57793702 2010 233 12 13 2 16.92 12.27
-52.51832388 47.57795325 2010 233 12 13 3 17.11 12.18
-52.51840034 47.57797859 2010 233 12 13 4 16.98 12.24
-52.51847705 47.57799941 2010 233 12 13 5 16.82 12.42
-52.51855913 47.57801217 2010 233 12 13 6 16.61 12.05
-52.51863834 47.57802643 2010 233 12 13 7 16.35 12.27
-52.51871510 47.57804468 2010 233 12 13 8 16.52 11.95
-52.51879433 47.57806285 2010 233 12 13 9 16.59 11.86
-52.51887602 47.57807486 2010 233 12 13 10 16.76 12.20
-52.51895751 47.57808244 2010 233 12 13 11 16.88 12.18
-52.51903923 47.57809335 2010 233 12 13 12 16.97 12.00
-52.51912182 47.57810908 2010 233 12 13 13 16.90 12.14
-52.51920396 47.57811963 2010 233 12 13 14 16.67 12.51
-52.51928801 47.57812124 2010 233 12 13 15 16.71 12.18
-52.51937328 47.57812436 2010 233 12 13 16 16.71 12.25
-52.51945538 47.57813506 2010 233 12 13 17 16.66 12.44
-52.51953866 47.57814362 2010 233 12 13 18 16.76 12.18
-52.51962369 47.57814433 2010 233 12 13 19 16.69 12.27
-52.51970659 47.57814182 2010 233 12 13 20 16.71 12.39
-52.51978898 47.57814550 2010 233 12 13 21 16.67 12.09
-52.51987268 47.57815261 2010 233 12 13 22 16.58 12.03
-52.51995482 47.57814994 2010 233 12 13 23 16.62 12.29
-52.52003598 47.57814039 2010 233 12 13 24 16.73 11.98
-52.52011979 47.57813584 2010 233 12 13 25 16.86 11.99
-52.52020539 47.57813365 2010 233 12 13 26 16.94 12.25
-52.52029041 47.57812608 2010 233 12 13 27 16.92 12.48
-52.52037532 47.57811374 2010 233 12 13 28 16.84 12.49
-52.52045944 47.57810326 2010 233 12 13 29 16.68 12.65
-52.52054535 47.57809569 2010 233 12 13 30 16.59 12.46
-52.52062757 47.57808463 2010 233 12 13 31 16.50 12.62
-52.52070789 47.57806859 2010 233 12 13 32 16.64 12.21
-52.52079011 47.57805188 2010 233 12 13 33 16.70 12.19
-52.52087241 47.57803682 2010 233 12 13 34 16.78 12.50
-52.52095663 47.57802396 2010 233 12 13 35 16.88 12.39
-52.52104276 47.57801153 2010 233 12 13 36 16.85 12.57
-52.52112763 47.57799784 2010 233 12 13 37 17.07 12.83
-52.52121403 47.57798200 2010 233 12 13 38 16.97 12.71
-52.52129709 47.57796765 2010 233 12 13 39 16.76 13.04
-52.52138018 47.57795400 2010 233 12 13 40 16.87 12.48
-52.52146349 47.57794019 2010 233 12 13 41 16.58 12.45
-52.52154296 47.57792757 2010 233 12 13 42 16.54 12.49
-52.52162203 47.57791313 2010 233 12 13 43 16.60 11.89
-52.52169958 47.57789615 2010 233 12 13 44 16.46 11.93
-52.52177626 47.57788057 2010 233 12 13 45 16.56 11.86
-52.52185390 47.57786462 2010 233 12 13 46 16.56 11.66
-52.52193166 47.57784582 2010 233 12 13 47 16.72 11.81
-52.52200957 47.57782481 2010 233 12 13 48 16.85 12.03
-52.52208910 47.57780460 2010 233 12 13 49 16.97 12.21
-52.52217246 47.57778539 2010 233 12 13 50 17.05 12.37
-52.52225762 47.57776733 2010 233 12 13 51 16.87 12.83
-52.52234193 47.57774921 2010 233 12 13 52 16.74 13.00
-52.52242599 47.57772973 2010 233 12 13 53 16.72 12.88
-52.52251183 47.57771260 2010 233 12 13 54 16.66 12.94
-52.52259573 47.57769702 2010 233 12 13 55 16.64 13.03
-52.52267826 47.57767774 2010 233 12 13 56 16.63 12.67
-52.52275988 47.57765854 2010 233 12 13 57 16.55 12.72
-52.52284085 47.57764570 2010 233 12 13 58 16.67 12.59
-52.52292292 47.57763433 2010 233 12 13 59 16.57 12.11
-52.52300056 47.57761815 2010 233 12 14 0 16.43 12.20
-52.52307442 47.57759960 2010 233 12 14 1 16.57 11.83
-52.52315185 47.57758191 2010 233 12 14 2 16.65 11.47
-52.52322961 47.57756463 2010 233 12 14 3 16.82 11.90
-52.52330981 47.57754726 2010 233 12 14 4 16.94 11.92
-52.52339388 47.57753143 2010 233 12 14 5 16.73 12.26
-52.52347845 47.57751647 2010 233 12 14 6 16.89 12.71
-52.52356343 47.57749870 2010 233 12 14 7 16.83 12.73
-52.52364745 47.57748012 2010 233 12 14 8 16.69 12.95
-52.52372895 47.57746368 2010 233 12 14 9 16.69 12.87
-52.52380954 47.57744761 2010 233 12 14 10 16.51 12.38
-52.52388693 47.57743077 2010 233 12 14 11 16.35 12.23
-52.52395868 47.57741257 2010 233 12 14 12 16.50 11.84
-52.52402593 47.57739540 2010 233 12 14 13 16.53 11.16
-52.52409414 47.57738054 2010 233 12 14 14 16.81 10.46
-52.52416283 47.57736596 2010 233 12 14 15 16.96 10.43
-52.52423132 47.57734940 2010 233 12 14 16 17.07 10.48
-52.52430255 47.57733346 2010 233 12 14 17 17.19 10.59
-52.52437272 47.57732107 2010 233 12 14 18 17.18 10.92
-52.52444087 47.57730985 2010 233 12 14 19 17.22 10.57
-52.52450758 47.57729644 2010 233 12 14 20 17.16 10.21
-52.52457068 47.57728264 2010 233 12 14 21 17.04 10.13
-52.52463024 47.57726951 2010 233 12 14 22 17.02 9.65
-52.52468918 47.57725646 2010 233 12 14 23 16.96 9.12
-52.52474685 47.57724296 2010 233 12 14 24 16.90 9.02
-52.52480073 47.57722988 2010 233 12 14 25 16.99 8.88
-52.52485410 47.57721616 2010 233 12 14 26 17.09 8.33
-52.52490552 47.57720339 2010 233 12 14 27 17.08 8.31
-52.52495295 47.57719138 2010 233 12 14 28 17.16 8.00
-52.52499786 47.57717866 2010 233 12 14 29 17.02 7.36
-52.52504191 47.57716655 2010 233 12 14 30 16.98 7.08
-52.52508465 47.57715533 2010 233 12 14 31 16.97 6.91
-52.52512869 47.57714585 2010 233 12 14 32 16.88 6.66
-52.52517174 47.57713542 2010 233 12 14 33 16.97 6.72
-52.52521194 47.57712236 2010 233 12 14 34 17.05 6.65
-52.52525217 47.57711024 2010 233 12 14 35 17.02 6.48
-52.52529060 47.57710085 2010 233 12 14 36 17.07 6.40
-52.52532650 47.57709389 2010 233 12 14 37 16.95 5.94
-52.52536230 47.57708681 2010 233 12 14 38 16.95 5.44
-52.52539749 47.57707667 2010 233 12 14 39 17.08 5.42
-52.52542909 47.57706527 2010 233 12 14 40 16.96 5.55
-52.52546227 47.57705390 2010 233 12 14 41 17.12 5.20
-52.52549592 47.57704393 2010 233 12 14 42 17.13 5.40
-52.52552586 47.57703757 2010 233 12 14 43 16.82 5.33
-52.52555711 47.57702977 2010 233 12 14 44 16.87 4.55
-52.52558486 47.57701751 2010 233 12 14 45 16.99 4.83
-52.52561005 47.57700634 2010 233 12 14 46 17.00 4.81
-52.52563953 47.57699963 2010 233 12 14 47 16.99 4.37
-52.52566919 47.57699478 2010 233 12 14 48 16.86 4.51
-52.52569058 47.57698567 2010 233 12 14 49 16.66 4.43
-52.52571122 47.57697528 2010 233 12 14 50 16.70 3.66
-52.52573858 47.57696667 2010 233 12 14 51 17.14 3.73
-52.52576335 47.57695789 2010 233 12 14 52 17.42 4.37
-52.52578606 47.57694849 2010 233 12 14 53 17.31 4.05
-52.52581037 47.57693846 2010 233 12 14 54 17.15 3.86
-52.52583265 47.57693181 2010 233 12 14 55 16.85 4.13
-52.52585258 47.57692551 2010 233 12 14 56 16.60 3.53
-52.52587375 47.57691563 2010 233 12 14 57 16.87 3.18
-52.52589265 47.57690599 2010 233 12 14 58 17.07 3.72
-52.52591218 47.57689971 2010 233 12 14 59 16.87 3.43
-52.52593269 47.57689426 2010 233 12 15 0 16.70 3.13
0.45000000 -0.11000000      0.00 0.00
