233 00 00 0.500
233 00 15 0.540
233 00 30 0.530
233 00 45 0.530
233 01 00 0.570
233 01 15 0.650
233 01 30 0.590
233 01 45 0.620
233 02 00 0.710
233 02 15 0.750
233 02 30 0.700
233 02 45 0.670
233 03 00 0.770
233 03 15 0.790
233 03 30 0.790
233 03 45 0.800
233 04 00 0.840
233 04 15 0.840
233 04 30 0.840
233 04 45 0.900
233 05 00 0.910
233 05 15 0.920
233 05 30 0.880
233 05 45 0.900
233 06 00 0.920
233 06 15 0.910
233 06 30 0.930
233 06 45 0.870
233 07 00 0.840
233 07 15 0.850
233 07 30 0.790
233 07 45 0.810
233 08 00 0.780
233 08 15 0.750
233 08 30 0.730
233 08 45 0.690
233 09 00 0.650
233 09 15 0.650
233 09 30 0.630
233 09 45 0.560
233 10 00 0.540
233 10 15 0.540
233 10 30 0.570
233 10 45 0.600
233 11 00 0.550
233 11 15 0.540
233 11 30 0.530
233 11 45 0.540
233 12 00 0.600
233 12 15 0.590
233 12 30 0.620
233 12 45 0.660
233 13 00 0.690
233 13 15 0.700
233 13 30 0.770
233 13 45 0.820
233 14 00 0.840
233 14 15 0.860
233 14 30 0.900
233 14 45 0.960
233 15 00 0.990
233 15 15 0.990
233 15 30 1.040
233 15 45 1.110
233 16 00 1.100
233 16 15 1.110
233 16 30 1.150
233 16 45 1.150
233 17 00 1.210
233 17 15 1.230
233 17 30 1.180
233 17 45 1.200
233 18 00 1.190
233 18 15 1.220
233 18 30 1.210
233 18 45 1.160
233 19 00 1.080
233 19 15 1.130
233 19 30 1.130
233 19 45 1.090
233 20 00 1.030
233 20 15 0.970
233 20 30 0.940
233 20 45 0.890
233 21 00 0.840
233 21 15 0.820
233 21 30 0.800
233 21 45 0.710
233 22 00 0.680
233 22 15 0.630
233 22 30 0.620
233 22 45 0.600
233 23 00 0.540
233 23 15 0.500
233 23 30 0.480
233 23 45 0.460
234 00 00 0.470